function cp_ar = cp_ar(temperatura_ar)
  cp_ar = 1.0666666671E-07*(temperatura_ar^4) - 1.6000000009E-05*(temperatura_ar^3) + 7.3333333239E-04*(temperatura_ar^2) + 3.0000000112E-02*temperatura_ar + 1.0060000000E+03;
end