# Created by Octave 5.2.0, Thu Oct 22 18:20:39 2020 GMT <unknown@DESKTOP-P27C2NA>
# name: q_bar
# type: matrix
# rows: 40
# columns: 40
 0.13985750571936109 0.18928023800897054 0.21072679764932617 0.22284443544767216 0.23069884830105139 0.23623908878972771 0.24037722029285363 0.24359824050726786 0.24618453715062857 0.24831208622268833 0.25009650308188613 0.25161702985120943 0.25292989336300309 0.25407615882479034 0.25508656004884361 0.25598458526481521 0.25678851365592553 0.2575127977651363 0.25816902524021829 0.25876660258644224 0.25931325072973549 0.25981537041975006 0.2602783158608048 0.26070660250497329 0.2611040668652464 0.26147399085941458 0.26181919958802385 0.26214213897543742 0.26244493797728979 0.26272945883823978 0.26299733800962033 0.26325001970235462 0.26348878358531352 0.26371476779339958 0.26392898815228988 0.26413235432981991 0.26432568347560731 0.26450971179573912 0.26468510442018672 0.26485246385117023
 0.18097716826910359 0.27332875464105655 0.32041949984026985 0.34930050370183924 0.36899203116644802 0.38337222477556737 0.39439016973654478 0.40313592321550407 0.41026865575583149 0.4162115105051527 0.42124924024351462 0.42558093268926034 0.42935024634834068 0.43266362735573982 0.43560174826293691 0.43822694761196601 0.44058821706154849 0.44272463361903364 0.44466777693743326 0.4464434669325556 0.44807303576383789 0.44957427426774932 0.45096214659095324 0.45224933702799608 0.45344667356118579 0.45456345955338978 0.45560773616073791 0.45658649188307837 0.45750583135010175 0.45837111236211858 0.45918705798378884 0.45995784886667085 0.46068719977900802 0.46137842342681951 0.46203448397796482 0.46265804218904805 0.46325149364218138 0.46381700129649633 0.46435652332267524 0.46487183700420476
 0.19814309670364452 0.31447549628287991 0.37847106413957904 0.41943377257756254 0.44815144208555469 0.46954207126763098 0.4861769356985306 0.49953602190857826 0.51053426151444226 0.51976939361743746 0.52764950183192816 0.53446336775818393 0.54042152928820142 0.54568138530048604 0.55036315965231497 0.55456039821337699 0.5583470736104289 0.56178251679180569 0.5649149169642641 0.56778385486419436 0.57042216883858721 0.57285735129942739 0.57511260871785341 0.5772076766745784 0.57915945397915614 0.58098250135388985 0.58268943749673385 0.58429125651226743 0.5857975844658142 0.58721688835435371 0.58855664755365644 0.58982349542887957 0.59102333703834231 0.59216144754257127 0.59324255493649503 0.5942709099629383 0.59525034548207434 0.59618432711910996 0.59707599665950972 0.59792820938290558
 0.20780686670391404 0.33953529310302888 0.41536610689116604 0.46523052015759281 0.50082773272160641 0.52769305182616077 0.54879585881308512 0.56587816970223348 0.58003297941629484 0.59198292724201307 0.60222625672854668 0.61111849863770407 0.61892071350960554 0.62582928860720566 0.63199505112212651 0.63753593162069255 0.64254559263588362 0.64709945379173917 0.65125899081841965 0.65507486233293832 0.65858922331920278 0.66183746341120586 0.66484953128367297 0.66765095651849726 0.67026364717659426 0.67270651889600686 0.67499599592534887 0.67714641373357554 0.67917034520580732 0.68107886695347597 0.68288177828055163 0.68458778241639784 0.68620463744662752 0.68773928273620588 0.68919794539993695 0.69058623042653555 0.6919091973330922 0.69317142565770384 0.69437707115556868 0.69552991421297472
 0.21410185812600277 0.35666946421180301 0.44130047756897428 0.49801104156047843 0.5390223875233886 0.57026933702935312 0.59499450793714748 0.61512657596573206 0.63188879256186115 0.64609703195963852 0.65831793446531606 0.66895834398780929 0.67831859619712709 0.68662567841662681 0.69405463756062036 0.70074284423225075 0.70679976064829908 0.7123137918578849 0.71735719389961339 0.72198965668792714 0.7262609638172336 0.73021299719170829 0.733881268663788 0.73729610490421182 0.740483574451406 0.74346622059875367 0.7462636463300385 0.74889298528715931 0.75136928406583936 0.75370581487826493 0.75591433306126421 0.75800529054636456 0.75998801390434212 0.76187085369186036 0.76366131039775387 0.76536614119070245 0.766991450823997 0.76854276939509136 0.77002511914209892 0.77144307205209373
 0.2185721944952711 0.36925026976875092 0.46072243810493063 0.52288606452934805 0.56828328705198172 0.60312435384848162 0.63084975696748702 0.6535274748306904 0.67248004323563038 0.68859554808823165 0.70249428136493752 0.71462376016087747 0.72531572595850946 0.73482181984058037 0.74333673017306268 0.75101368398155732 0.75797509685870923 0.76432006901138871 0.77012977237819058 0.7754713944757996 0.78040107387949154 0.78496611798320259 0.78920670127266423 0.79315718183108719 0.79684713337222635 0.80030216259700504 0.80354456264932006 0.8065938400903051 0.80946714329571856 0.81217961331816191 0.81474467324189992 0.8171742683570884 0.81947906671708359 0.82166862756118642 0.82375154350253588 0.82573556116593072 0.82762768402324127 0.82943426044092239 0.83116105938258045 0.83281333575472449
 0.22193268633921479 0.37894372228971496 0.47591203441680396 0.54253846850782284 0.59157219312724152 0.62942244780075784 0.65967896711405705 0.68451748708217652 0.70533869941729965 0.72308828637504952 0.73842978000435699 0.75184375809638482 0.76368767347067612 0.77423347505248052 0.78369211694899554 0.79223001933770554 0.79998042071826636 0.80705139101619638 0.81353160508864308 0.81949457933374825 0.82500183184184417 0.83010527460902928 0.83484904874599986 0.8392709495506665 0.84340354541576801 0.84727506529961405 0.85091010922077293 0.85433022197798469 0.85755436012251496 0.86059927485753607 0.86347982816105573 0.86620925545176708 0.86879938514500454 0.87126082320369846 0.87360310908141803 0.87583484814431078 0.87796382464298128 0.87999709851511632 0.88194108867715504 0.88380164497254732
 0.22456272357460527 0.38667623975593701 0.48817217045054806 0.55852925097744766 0.61063473229040577 0.65104687601933764 0.68347158355497872 0.71017032135186753 0.7326068925866025 0.75177400761847513 0.7683708144075837 0.78290531740578051 0.7957564275361122 0.80721312952023827 0.81750008357732051 0.82679487078847136 0.83523991756299276 0.84295093249149744 0.85002299815016757 0.85653504998518748 0.8625532231499875 0.86813339021238534 0.87332311095089921 0.87816314855426192 0.8826886616541515 0.88693015096725392 0.89091421804299531 0.89466417861816161 0.89820056236484191 0.90154152306437119 0.90470317756124674 0.90769988764602239 0.91054449587069264 0.91324852392372124 0.91582234038107801 0.91827530325759743 0.92061588170445541 0.92285176035701688 0.92498992917534084 0.92703676109632349
 0.22668378820787788 0.39300822832786014 0.49830797877856914 0.57183695492829834 0.62657658415966466 0.66919993619205376 0.70350563009009059 0.7318248898528168 0.75567353864256581 0.77608342189773516 0.79378354873951773 0.80930505971504951 0.82304506001239597 0.8353070424731428 0.84632738441932109 0.85629324030666121 0.86535494117298273 0.87363478504474301 0.88123339550141966 0.88823440440945667 0.89470795639109191 0.90071336977310779 0.90630118372545787 0.911514752078594 0.91639149779184947 0.92096391023063551 0.92526034529233103 0.92930567281432275 0.93312180453330884 0.93672812777560643 0.94014186412732248 0.94337836793762486 0.94645137621664199 0.94937321899950577 0.95215499735113562 0.95480673472432187 0.95733750625197733 0.95975554966970267 0.96206836086855818 0.96428277652751293
